j=0, g1=0, g2=0, mean(t)=0.003979359552255301, var(t)=1.0047296749633166
j=0, g1=1, g2=0, mean(t)=-0.002841820199219917, var(t)=0.990504542484269
j=0, g1=2, g2=0, mean(t)=-0.002004973605318078, var(t)=1.0040475485011207
